

Jm = 0.015;
JL = 2.25;
Ks = 65;
kf = 0.1;